255 255 255 255 255 255 255 255 255 255 255 255 255 255 255 255
255 255 255 255 255 255 255 255 255 255 255 255 255 255 255 255
255 255 255 255 255 255 169  72  72 169 255 255 255 255 255 255
255 255 255 255 151  33   0   0   0   0  33 151 255 255 255 255
255 255 255 151   0   0   0   0   0   0   0   0 151 255 255 255
255 255 255  33   0   0   0   0   0   0   0   0  33 255 255 255
255 255 169   0   0   0   0   0   0   0   0   0   0 169 255 255
255 255  72   0   0   0   0   0   0   0   0   0   0  72 255 255
255 255  72   0   0   0   0   0   0   0   0   0   0  72 255 255
255 255 169   0   0   0   0   0   0   0   0   0   0 169 255 255
255 255 255  33   0   0   0   0   0   0   0   0  33 255 255 255
255 255 255 151   0   0   0   0   0   0   0   0 151 255 255 255
255 255 255 255 151  33   0   0   0   0  33 151 255 255 255 255
255 255 255 255 255 255 169  72  72 169 255 255 255 255 255 255
255 255 255 255 255 255 255 255 255 255 255 255 255 255 255 255
255 255 255 255 255 255 255 255 255 255 255 255 255 255 255 255
255 255 255 255 255 255 255 255 255 255 255 255 255 255 255 255
255 255 255 255 255 255 255 255 255 255 255 255 255 255 255 255
255 255 255 255 255 255 169  72  72 169 255 255 255 255 255 255
255 255 255 255 151  33   0   0   0   0  33 151 255 255 255 255
255 255 255 151   0   0   0   0   0   0   0   0 151 255 255 255
255 255 255  33   0   0   0   0   0   0   0   0  33 255 255 255
255 255 169   0   0   0   0   0   0   0   0   0   0 169 255 255
255 255  72   0   0   0   0   0   0   0   0   0   0  72 255 255
255 255  72   0   0   0   0   0   0   0   0   0   0  72 255 255
255 255 169   0   0   0   0   0   0   0   0   0   0 169 255 255
255 255 255  33   0   0   0   0   0   0   0   0  33 255 255 255
255 255 255 151   0   0   0   0   0   0   0   0 151 255 255 255
255 255 255 255 151  33   0   0   0   0  33 151 255 255 255 255
255 255 255 255 255 255 169  72  72 169 255 255 255 255 255 255
255 255 255 255 255 255 255 255 255 255 255 255 255 255 255 255
255 255 255 255 255 255 255 255 255 255 255 255 255 255 255 255
255 255 255 255 255 255 255 255 255 255 255 255 255 255 255 255
255 255 255 255 255 255 255 255 255 255 255 255 255 255 255 255
255 255 255 255 255 255 169  72  72 169 255 255 255 255 255 255
255 255 255 255 151  33   0   0   0   0  33 151 255 255 255 255
255 255 255 151   0   0   0   0   0   0   0   0 151 255 255 255
255 255 255  33   0   0   0   0   0   0   0   0  33 255 255 255
255 255 169   0   0   0   0   0   0   0   0   0   0 169 255 255
255 255  72   0   0   0   0   0   0   0   0   0   0  72 255 255
255 255  72   0   0   0   0   0   0   0   0   0   0  72 255 255
255 255 169   0   0   0   0   0   0   0   0   0   0 169 255 255
255 255 255  33   0   0   0   0   0   0   0   0  33 255 255 255
255 255 255 151   0   0   0   0   0   0   0   0 151 255 255 255
255 255 255 255 151  33   0   0   0   0  33 151 255 255 255 255
255 255 255 255 255 255 169  72  72 169 255 255 255 255 255 255
255 255 255 255 255 255 255 255 255 255 255 255 255 255 255 255
255 255 255 255 255 255 255 255 255 255 255 255 255 255 255 255

255 255 255 255 255 255 255 255 255 255 255 255 255 255 255 255
255 255 255 255 255 255 255 255 255 255 255 255 255 255 255 255
255 255 255 255 255 255 169  72  72 169 255 255 255 255 255 255
255 255 255 255 151  33   0   0   0   0  33 151 255 255 255 255
255 255 255 151   0   0   0   0   0   0   0   0 151 255 255 255
255 255 255  33   0   0   0   0   0   0   0   0  33 255 255 255
255 255 169   0   0   0   0   0   0   0   0   0   0 169 255 255
255 255  72   0   0   0   0   0   0   0   0   0   0  72 255 255
255 255  72   0   0   0   0   0   0   0   0   0   0  72 255 255
255 255 169   0   0   0   0   0   0   0   0   0   0 169 255 255
255 255 255  33   0   0   0   0   0   0   0   0  33 255 255 255
255 255 255 151   0   0   0   0   0   0   0   0 151 255 255 255
255 255 255 255 151  33   0   0   0   0  33 151 255 255 255 255
255 255 255 255 255 255 169  72  72 169 255 255 255 255 255 255
255 255 255 255 255 255 255 255 255 255 255 255 255 255 255 255
255 255 255 255 255 255 255 255 255 255 255 255 255 255 255 255
255 255 255 255 255 255 255 255 255 255 255 255 255 255 255 255
255 255 255 255 255 255 255 255 255 255 255 255 255 255 255 255
255 255 255 255 255 255 169  72  72 169 255 255 255 255 255 255
255 255 255 255 151  33   0   0   0   0  33 151 255 255 255 255
255 255 255 151   0   0   0   0   0   0   0   0 151 255 255 255
255 255 255  33   0   0   0   0   0   0   0   0  33 255 255 255
255 255 169   0   0   0   0   0   0   0   0   0   0 169 255 255
255 255  72   0   0   0   0   0   0   0   0   0   0  72 255 255
255 255  72   0   0   0   0   0   0   0   0   0   0  72 255 255
255 255 169   0   0   0   0   0   0   0   0   0   0 169 255 255
255 255 255  33   0   0   0   0   0   0   0   0  33 255 255 255
255 255 255 151   0   0   0   0   0   0   0   0 151 255 255 255
255 255 255 255 151  33   0   0   0   0  33 151 255 255 255 255
255 255 255 255 255 255 169  72  72 169 255 255 255 255 255 255
255 255 255 255 255 255 255 255 255 255 255 255 255 255 255 255
255 255 255 255 255 255 255 255 255 255 255 255 255 255 255 255
255 255 255 255 255 255 255 255 255 255 255 255 255 255 255 255
255 255 255 255 255 255 255 255 255 255 255 255 255 255 255 255
255 255 255 255 255 255 169  72  72 169 255 255 255 255 255 255
255 255 255 255 151  33   0   0   0   0  33 151 255 255 255 255
255 255 255 151   0   0   0   0   0   0   0   0 151 255 255 255
255 255 255  33   0   0   0   0   0   0   0   0  33 255 255 255
255 255 169   0   0   0   0   0   0   0   0   0   0 169 255 255
255 255  72   0   0   0   0   0   0   0   0   0   0  72 255 255
255 255  72   0   0   0   0   0   0   0   0   0   0  72 255 255
255 255 169   0   0   0   0   0   0   0   0   0   0 169 255 255
255 255 255  33   0   0   0   0   0   0   0   0  33 255 255 255
255 255 255 151   0   0   0   0   0   0   0   0 151 255 255 255
255 255 255 255 151  33   0   0   0   0  33 151 255 255 255 255
255 255 255 255 255 255 169  72  72 169 255 255 255 255 255 255
255 255 255 255 255 255 255 255 255 255 255 255 255 255 255 255
255 255 255 255 255 255 255 255 255 255 255 255 255 255 255 255

255 255 255 255 255 255 255 255 255 255 255 255 255 255 255 255
255 255 255 255 255 255 254 254 254 254 255 255 255 255 255 255
255 255 255 255 255 242 144  75  76 149 243 255 255 255 255 255
255 255 255 254 149  16   0   0   0   0  20 154 254 255 255 255
255 255 255 149   0   0   0   0   0   0   0   0 161 255 255 255
255 255 242  16   0   0   0   0   0   0   0   0  17 243 255 255
255 254 144   0   0   0   0   0   0   0   0   0   0 153 255 255
255 254  75   0   0   0   0   0   0   0   0   0   0  88 255 255
255 254  76   0   0   0   0   0   0   0   0   0   0  89 255 255
255 254 149   0   0   0   0   0   0   0   0   0   0 157 255 255
255 255 243  20   0   0   0   0   0   0   0   0  22 244 255 255
255 255 255 154   0   0   0   0   0   0   0   0 166 255 255 255
255 255 255 254 161  17   0   0   0   0  22 166 254 255 255 255
255 255 255 255 255 243 153  88  89 157 244 255 255 255 255 255
255 255 255 255 255 255 255 255 255 255 255 255 255 255 255 255
255 255 255 255 255 255 255 255 255 255 255 255 255 255 255 255
255 255 255 255 255 255 255 255 255 255 255 255 255 255 255 255
255 255 255 255 255 255 254 254 254 254 255 255 255 255 255 255
255 255 255 255 255 242 144  75  76 149 243 255 255 255 255 255
255 255 255 254 149  16   0   0   0   0  20 154 254 255 255 255
255 255 255 149   0   0   0   0   0   0   0   0 161 255 255 255
255 255 242  16   0   0   0   0   0   0   0   0  17 243 255 255
255 254 144   0   0   0   0   0   0   0   0   0   0 153 255 255
255 254  75   0   0   0   0   0   0   0   0   0   0  88 255 255
255 254  76   0   0   0   0   0   0   0   0   0   0  89 255 255
255 254 149   0   0   0   0   0   0   0   0   0   0 157 255 255
255 255 243  20   0   0   0   0   0   0   0   0  22 244 255 255
255 255 255 154   0   0   0   0   0   0   0   0 166 255 255 255
255 255 255 254 161  17   0   0   0   0  22 166 254 255 255 255
255 255 255 255 255 243 153  88  89 157 244 255 255 255 255 255
255 255 255 255 255 255 255 255 255 255 255 255 255 255 255 255
255 255 255 255 255 255 255 255 255 255 255 255 255 255 255 255
255 255 255 255 255 255 255 255 255 255 255 255 255 255 255 255
255 255 255 255 255 255 254 254 254 254 255 255 255 255 255 255
255 255 255 255 255 242 144  75  76 149 243 255 255 255 255 255
255 255 255 254 149  16   0   0   0   0  20 154 254 255 255 255
255 255 255 149   0   0   0   0   0   0   0   0 161 255 255 255
255 255 242  16   0   0   0   0   0   0   0   0  17 243 255 255
255 254 144   0   0   0   0   0   0   0   0   0   0 153 255 255
255 254  75   0   0   0   0   0   0   0   0   0   0  88 255 255
255 254  76   0   0   0   0   0   0   0   0   0   0  89 255 255
255 254 149   0   0   0   0   0   0   0   0   0   0 157 255 255
255 255 243  20   0   0   0   0   0   0   0   0  22 244 255 255
255 255 255 154   0   0   0   0   0   0   0   0 166 255 255 255
255 255 255 254 161  17   0   0   0   0  22 166 254 255 255 255
255 255 255 255 255 243 153  88  89 157 244 255 255 255 255 255
255 255 255 255 255 255 255 255 255 255 255 255 255 255 255 255
255 255 255 255 255 255 255 255 255 255 255 255 255 255 255 255

255 255 255 255 255 255 255 255 255 255 255 255 255 255 255 255
255 255 255 255 255 255 255 255 255 255 255 255 255 255 255 255
255 255 255 255 255 243 152  82  82 151 243 255 255 255 255 255
255 255 255 254 158  19   0   0   0   0  19 157 254 255 255 255
255 255 255 158   0   0   0   0   0   0   0   0 157 255 255 255
255 255 243  19   0   0   0   0   0   0   0   0  19 243 255 255
255 255 152   0   0   0   0   0   0   0   0   0   0 151 255 255
255 255  83   0   0   0   0   0   0   0   0   0   0  82 255 255
255 255  83   0   0   0   0   0   0   0   0   0   0  82 255 255
255 255 152   0   0   0   0   0   0   0   0   0   0 151 255 255
255 255 243  19   0   0   0   0   0   0   0   0  19 243 255 255
255 255 255 158   0   0   0   0   0   0   0   0 158 255 255 255
255 255 255 254 158  19   0   0   0   0  19 158 254 255 255 255
255 255 255 255 255 243 152  83  83 152 243 255 255 255 255 255
255 255 255 255 255 255 255 255 255 255 255 255 255 255 255 255
255 255 255 255 255 255 255 255 255 255 255 255 255 255 255 255
255 255 255 255 255 255 255 255 255 255 255 255 255 255 255 255
255 255 255 255 255 255 255 255 255 255 255 255 255 255 255 255
255 255 255 255 255 243 152  82  82 151 243 255 255 255 255 255
255 255 255 254 158  19   0   0   0   0  19 157 254 255 255 255
255 255 255 158   0   0   0   0   0   0   0   0 157 255 255 255
255 255 243  19   0   0   0   0   0   0   0   0  19 243 255 255
255 255 152   0   0   0   0   0   0   0   0   0   0 151 255 255
255 255  83   0   0   0   0   0   0   0   0   0   0  82 255 255
255 255  83   0   0   0   0   0   0   0   0   0   0  82 255 255
255 255 152   0   0   0   0   0   0   0   0   0   0 151 255 255
255 255 243  19   0   0   0   0   0   0   0   0  19 243 255 255
255 255 255 158   0   0   0   0   0   0   0   0 158 255 255 255
255 255 255 254 158  19   0   0   0   0  19 158 254 255 255 255
255 255 255 255 255 243 152  83  83 152 243 255 255 255 255 255
255 255 255 255 255 255 255 255 255 255 255 255 255 255 255 255
255 255 255 255 255 255 255 255 255 255 255 255 255 255 255 255
255 255 255 255 255 255 255 255 255 255 255 255 255 255 255 255
255 255 255 255 255 255 255 255 255 255 255 255 255 255 255 255
255 255 255 255 255 243 152  82  82 151 243 255 255 255 255 255
255 255 255 254 158  19   0   0   0   0  19 157 254 255 255 255
255 255 255 158   0   0   0   0   0   0   0   0 157 255 255 255
255 255 243  19   0   0   0   0   0   0   0   0  19 243 255 255
255 255 152   0   0   0   0   0   0   0   0   0   0 151 255 255
255 255  83   0   0   0   0   0   0   0   0   0   0  82 255 255
255 255  83   0   0   0   0   0   0   0   0   0   0  82 255 255
255 255 152   0   0   0   0   0   0   0   0   0   0 151 255 255
255 255 243  19   0   0   0   0   0   0   0   0  19 243 255 255
255 255 255 158   0   0   0   0   0   0   0   0 158 255 255 255
255 255 255 254 158  19   0   0   0   0  19 158 254 255 255 255
255 255 255 255 255 243 152  83  83 152 243 255 255 255 255 255
255 255 255 255 255 255 255 255 255 255 255 255 255 255 255 255
255 255 255 255 255 255 255 255 255 255 255 255 255 255 255 255
